ID VALUE SCORE
22168477 330791.11082 0.0004
89132884 204632.5661 0.00044
29727451 73880.00961 0.00148
21141547 74696.39514 0.00325
65156949 446892.75072 0.00501
4555196 25558.05398 0.00548
76939952 235472.05387 0.00657
69913787 2204.9899 0.00961
54472296 80225.28665 0.0109
2671038 5471.42468 0.01154
24945330 28104.35282 0.01463
29423092 176951.47089 0.01773
7560775 640914.62221 0.01913
7757481 122315.39846 0.01938
9016733 18186.72986 0.0234
98380393 165362.55834 0.02409
74806416 275431.04146 0.0282
84936617 73830.62392 0.03227
23538450 337034.31607 0.03531
54481075 415017.4697 0.0409
41865165 138850.30255 0.04563
32581884 198596.43759 0.04625
85066646 98801.0452 0.04843
31747304 13878.62715 0.04945
29599176 807303.66379 0.05412
56304521 496726.4354 0.05642
26522599 31554.79773 0.88468
58490812 111784.27336 0.05758
56860366 173260.88154 0.0588
47835207 49819.05092 0.39458
21054538 725149.73175 0.0637
64069869 49716.29716 0.06532
22569340 195278.60699 0.06883
35263958 336319.21221 0.07526
57820262 139352.53139 0.07679
29152957 33073.5057 0.08798
60190292 297773.37908 0.09227
68177789 212894.89217 0.09828
89303396 460933.41041 0.09886
10169019 46567.52546 0.1006
59857588 47887.21237 0.10304
68247093 39976.78757 0.10306
83214282 179027.12558 0.1048
66369667 672715.14392 0.11814
11182446 74221.44708 0.11857
95443961 21153.97108 0.12053
11590852 6525.71232 0.12099
28249939 445318.60904 0.12099
84980986 201449.9943 0.1254
87640583 96895.73769 0.12625
83970747 520858.04295 0.12995
84074902 88977.33603 0.13062
48032926 651090.6076 0.14101
93984738 785450.6361 0.14623
68663837 16703.20665 0.14942
28243762 74013.00664 0.14997
30477183 372179.88142 0.15128
7828266 11913.35118 0.15357
27043392 6047.65323 0.15379
68671268 388764.01257 0.15467
47280664 7181.34506 0.15654
96607898 52496.92335 0.15687
66188055 137199.01997 0.15776
98037694 160380.06914 0.16127
7036916 432321.14024 0.16415
50923711 53587.34362 0.16628
32342852 301310.40163 0.1687
82082086 200759.44975 0.17063
78981821 40359.53389 0.17401
20701529 41144.72929 0.17435
61383162 19413.65641 0.18219
21356121 110311.71864 0.18258
87289460 338671.8438 0.18295
79008695 173584.36975 0.18528
1675907 2569.05427 0.19244
5574121 464156.19216 0.19281
69620714 101746.71454 0.19616
75911104 410762.08572 0.19724
27607989 232749.23788 0.20221
88610629 7623.11253 0.21997
16248108 87015.84794 0.23838
76645515 124992.92935 0.24488
61844804 49490.79945 0.24948
36262331 3907.33669 0.25017
25622463 559223.12133 0.25206
1366667 472537.77211 0.25622
69528349 376215.60351 0.25688
77913579 7978.25408 0.2572
88208924 476937.6708 0.25921
31689446 691908.19201 0.25934
70036428 341875.79869 0.26453
51611088 361808.20282 0.27506
66634877 4815.60041 0.27933
84840869 204251.93951 0.28045
66038636 186234.71601 0.28453
62126942 609955.71628 0.3754
34900939 289535.84951 0.28814
86824906 350721.10368 0.28926
71173696 52948.60298 0.2921
12856967 410017.33297 0.29228
88270681 152997.70391 0.29284
37213445 445623.45112 0.29358
16830233 159397.12905 0.30014
92159625 330555.27251 0.30172
83692841 301793.71374 0.30261
20507660 103845.59469 0.30283
30340755 61153.46886 0.99881
51197404 85062.53311 0.31149
81008980 364418.45965 0.31165
80079998 705176.1574 0.31296
17779162 254644.56496 0.31422
18497140 593605.98751 0.31944
60577741 1700.73806 0.32392
44245081 119988.79521 0.32675
51322476 128255.23816 0.32828
93830068 81477.92954 0.32858
68630990 332820.17133 0.33089
50662872 205183.59522 0.33209
89931227 16581.86376 0.33467
75349441 163304.6292 0.3379
5600693 4344.48509 0.33907
58667694 186387.80393 0.34433
96440095 188598.11155 0.34469
15445350 425244.38321 0.34674
96883799 204801.22648 0.34996
94326262 496884.29884 0.35097
29901645 198474.89368 0.35497
85797334 195388.25544 0.35606
12059352 15449.00116 0.3581
65843049 17747.38959 0.57006
55142681 289040.92425 0.37023
30817184 312745.03217 0.44835
24112462 2553.66566 0.37995
14130807 290679.08667 0.38165
66127995 251828.47348 0.38315
74003249 124772.38538 0.38426
18916643 359024.46933 0.385
39532097 551243.64369 0.38523
9481999 245439.40221 0.39116
57274802 37052.97218 0.05901
76043877 223555.49417 0.39465
5967733 140510.50189 0.39481
29937937 235373.52049 0.39871
32401823 328197.25121 0.39938
58338529 255641.49978 0.40083
51965659 746344.41164 0.40595
34329165 593025.70887 0.40844
35967793 279156.53948 0.41253
25219745 79178.14678 0.41402
45135838 166795.13272 0.41456
10498109 74292.50959 0.41628
96030909 662758.23048 0.42064
77543519 62630.13978 0.42389
59240002 26104.28893 0.43035
93707452 356726.57752 0.43133
12143789 518970.15331 0.43161
54831148 56089.80175 0.43492
41983271 673622.96818 0.96836
70268969 124362.0937 0.43713
41932194 124993.15506 0.44292
64352888 729075.1958 0.44346
57547366 754195.75522 0.4437
90075015 230046.48681 0.44598
84917664 47618.17098 0.44669
91421136 133112.24031 0.28787
87546005 580880.33202 0.45101
96001497 249027.63374 0.45134
19987645 426542.80864 0.45298
90937342 305534.38893 0.45771
32919479 233954.65405 0.45801
27848695 105187.4075 0.45984
20692663 40778.85948 0.46054
87871553 209460.81883 0.46095
37968615 161771.00508 0.46256
48943417 136934.52919 0.4641
72951825 151522.0061 0.46452
72542380 4815.76255 0.46527
71252990 3716.88386 0.46604
14364172 31076.40947 0.46693
77271781 117521.01227 0.47245
75722173 6512.03523 0.47252
56641146 11818.35386 0.47669
85909318 111918.49899 0.47936
32669413 572182.72316 0.48165
90608294 265438.44577 0.48818
66307224 673276.96433 0.48961
64334894 16438.26833 0.70212
63718748 276282.43208 0.49107
27238785 105649.93405 0.49438
2370431 143420.00035 0.49666
65443179 150110.35663 0.49814
91085307 435291.228 0.50128
76560629 74359.44513 0.50208
59019107 871325.41259 0.5021
33878711 56050.58228 0.50229
9493643 540862.67479 0.50489
89835171 17934.32899 0.50497
60970786 144766.47316 0.50842
75517878 17621.28239 0.51371
38867604 343351.32678 0.51494
57755635 2973.79133 0.5157
96906537 527174.50561 0.51732
1973730 209634.50345 0.52515
21885437 15924.96365 0.53042
64858711 227869.35248 0.5341
54813849 116586.73214 0.53479
30146379 99567.19301 0.53672
6969863 4419.59725 0.53753
21051150 32912.77742 0.53883
74904461 695678.63005 0.54047
53486167 77048.67375 0.54435
91154569 316964.82487 0.84291
1986228 160213.49653 0.54573
40518015 178835.94754 0.54614
495832 241688.44415 0.55064
88009740 186526.3243 0.55537
90066627 802809.74441 0.55605
89573876 35849.6771 0.55775
63696224 528638.0234 0.55943
62792658 170285.25275 0.5607
84385009 683281.89257 0.56085
38759505 64604.14806 0.62046
74652438 531341.43447 0.56515
61546913 53900.17836 0.36862
13616588 41044.70844 0.57022
94431877 494081.91845 0.57433
24450207 46150.80545 0.57436
16345451 298768.20826 0.57891
46999420 317181.15538 0.57907
70109346 293841.13146 0.58747
41343205 255119.5641 0.59486
1566352 552137.23119 0.59595
90598546 108050.26134 0.59644
58902977 90241.65371 0.59921
19577821 704438.21962 0.59972
3756428 248320.98687 0.61054
89711486 41561.22233 0.61083
94960845 373606.94508 0.61335
73872524 300953.35617 0.61405
87229062 196737.38028 0.61438
13075473 551551.7384 0.61514
87298156 287419.76437 0.6161
57833950 31707.44936 0.61707
79221238 78694.41141 0.61906
41449900 166333.24186 0.56367
51375794 78304.0536 0.6233
48867712 312470.21744 0.62369
13132084 122537.78204 0.62589
53648743 620130.89597 0.62663
9125634 385778.96614 0.627
14863599 63228.42992 0.62783
74214919 52051.09931 0.63063
41616410 51086.69784 0.63742
76646930 447766.28536 0.63817
54036592 128374.44058 0.64262
72919104 115919.26853 0.64263
49467685 521751.1049 0.64535
79037177 631570.13389 0.64715
27755069 307652.80024 0.65584
27055134 742271.31545 0.65714
50430690 307216.76054 0.65829
87631462 280530.74625 0.66301
1749170 184172.18908 0.66343
62947849 826999.20753 0.66702
81575110 504965.08936 0.66788
21947775 296738.24178 0.67051
2011869 252808.65904 0.67354
2396673 780578.3723 0.68467
39220848 399224.78405 0.68834
46375249 661576.42125 0.68986
40830430 530306.33017 0.69
75415513 408397.58887 0.69045
77833084 626924.18433 0.69905
81816891 77369.15451 0.70049
16899350 255970.62259 0.70154
17183909 11251.71039 0.49013
90354955 169352.44738 0.70348
35947667 22920.51155 0.70392
84425336 787328.37949 0.70558
83648453 442554.01555 0.70653
34236515 85523.34486 0.71352
20825699 908976.38391 0.71539
43943654 195224.4351 0.72176
44790215 208003.09043 0.72311
19986508 399078.89818 0.72359
6164108 105988.21115 0.72495
24321532 14706.30084 0.73247
96649719 231707.56507 0.73342
40172518 411687.46751 0.73456
7161744 96679.18483 0.73525
37630959 379.94803 0.73525
38371498 94948.4342 0.73752
25744413 95766.70404 0.73755
8629625 343970.9845 0.74169
37410533 431855.23436 0.74433
13181404 255780.82764 0.74841
45292090 565787.38175 0.74874
78334112 59758.70169 0.75038
76824382 12560.49139 0.75052
83598386 333286.84218 0.75107
37383416 346488.32334 0.7534
34681583 10433.87811 0.75562
53065005 114305.34567 0.75635
34253808 216947.75527 0.75709
27962764 31350.8209 0.75928
88262915 424379.59991 0.76205
82657583 171163.22069 0.76581
67398244 85502.33426 0.7662
43639439 709595.26781 0.76847
24349358 895346.268 0.77622
56106386 41099.3022 0.77792
61268796 739393.3678 0.7784
89624938 41261.6828 0.78023
49783768 69633.46839 0.78619
25683144 125888.05938 0.79512
73579960 251966.69668 0.79523
41948570 191076.20055 0.79538
55737996 936454.2544 0.79872
7176793 120813.32901 0.80009
82837945 852.12655 0.80333
47074742 206234.72176 0.80413
22266807 333952.54428 0.80657
78314043 443324.68683 0.80724
85642254 264683.82246 0.80947
8618769 59384.61149 0.81175
37649271 10281.34864 0.81356
87712144 16452.56667 0.8149
90141511 384397.02201 0.8178
47892927 416506.26817 0.99851
49449628 666790.87661 0.83179
19881235 52983.50509 0.83309
47481735 183654.74989 0.83544
16195896 259999.14317 0.83908
13125534 633749.11162 0.84021
45138953 709509.9654 0.84242
89521914 1703.29394 0.84259
35676113 59930.44474 0.54438
13870661 10525.14019 0.84403
61074695 140627.31797 0.84763
30912328 289669.26717 0.86298
99152901 333612.59161 0.8631
71435769 196545.20378 0.86555
54176420 361607.19596 0.86916
59271545 549801.94867 0.87113
26711707 700236.04304 0.87143
99294121 579789.00367 0.87641
81182679 105231.62347 0.87684
86053031 184571.71831 0.88093
98807584 857455.22458 0.05664
97429242 143024.37564 0.88514
82069365 8355.75221 0.88796
68038596 60997.4979 0.88869
61474760 130651.3408 0.89025
32903160 21726.98662 0.8927
19124294 302574.31681 0.89581
23316797 24461.28343 0.89622
16164512 361776.85249 0.89637
68129385 564190.12124 0.89834
50969004 128686.90333 0.89966
43752902 41954.33656 0.90368
77053268 781712.55721 0.90865
83330365 447521.36034 0.90913
67845960 95496.7781 0.91292
25720455 225595.90739 0.91782
23339115 12305.40074 0.91794
807977 382290.43937 0.91972
4474194 720648.17783 0.92206
64997877 57386.64936 0.92372
88471698 546576.36689 0.92481
55571415 272342.48922 0.9273
83397868 753964.23783 0.92935
80504931 652608.05816 0.92979
57354409 149752.96629 0.93103
98761922 127898.11749 0.93383
36061746 179160.77737 0.93847
46268588 15284.58493 0.94133
17558049 436674.19417 0.94352
3081503 266628.03211 0.94509
44727109 463686.64635 0.94556
22254978 128217.61315 0.95551
86631784 60331.78167 0.95784
56698661 512793.66244 0.9608
1255898 248010.19698 0.96167
50448908 139730.72242 0.96374
30853584 765744.25888 0.96424
90190799 873822.39948 0.96716
33605285 701959.96953 0.43495
78337017 156257.55806 0.96861
27938822 23087.08704 0.97514
51151911 18433.37661 0.97517
81239443 169.15881 0.97675
64244069 32603.28102 0.97779
69630515 170614.48243 0.98225
41599952 760244.61533 0.9858
64896033 48781.56221 0.98672
4116100 34515.47856 0.99486
56177934 127977.65948 0.99538
66781679 244743.14178 0.99808
76631163 595742.24425 0.81872
94350368 51552.34166 0.30577
